RI
269 -720
269 -653
336 -653
336 -720
RI
827 -878
827 -839
866 -839
866 -878
RI
101 -595
101 -581
115 -581
115 -595
RD
-524.0026956916777 -694.5696794018698
-524.0026956916777 -608.6067875687689
-438.03980385857676 -608.6067875687689
-438.03980385857676 -694.5696794018698
PD
188.76898925673981 -972.2473569633025
123.37655251708955 -882.242389299293
17.569367265158107 -916.6212277906094
17.569367265158093 -1027.8734861359956
123.37655251708954 -1062.2523246273122
PD
82.47938926699433 -676.3739876160232
70.73391528282752 -660.2077295768515
51.72933916246801 -666.3826906769139
51.72933916246801 -686.3652845551326
70.73391528282752 -692.5402456551949
PD
-332.3043227914655 673.9774115262555
-346.7508800836984 693.8613917963359
-370.1259008029539 686.2663871647975
-370.1259008029539 661.6884358877136
-346.7508800836984 654.0934312561752
PD
889.3642939357263 -2.0648664180997685
850.4158048550698 51.54312978218483
787.3958257121134 31.066697302451338
787.3958257121134 -35.19643013865086
850.4158048550698 -55.67286261838437
PD
238.42250313613067 586.4241731879463
203.5941805246301 634.361246750753
147.2407707680757 616.0509139709649
147.24077076807566 556.7974324049277
203.5941805246301 538.4870996251395
HI
-57 160
-105 244
-203 244
-253 160
-204 75
-106 75
HD
-384.07966290052116 803.6642270071397
-404.14705195150924 838.4219644187025
-444.2818300534854 838.4219644187025
-464.3492191044735 803.6642270071397
-444.2818300534854 768.906489595577
-404.14705195150924 768.906489595577
HI
-134 349
-182 432
-278 432
-326 349
-278 265
-182 265
HD
127.50819361250352 961.0110032386867
79.02567802656955 1044.9851835122743
-17.939353145298384 1044.9851835122743
-66.42186873123238 961.0110032386867
-17.939353145298448 877.0368229650992
79.02567802656955 877.0368229650991
HI
-851 115
-900 199
-998 199
-1047 115
-998 30
-900 30
HI
12 -541
-26 -474
-103 -474
-142 -541
-103 -607
-26 -607
